10200.0
10404.0
10612.08
10824.3216
11040.808031999999
11261.62419264
11486.8566764928
11716.593810022656
11950.925686223109
12189.944199947571
12433.743083946523
12682.417945625453
12936.066304537962
13194.787630628722
13458.683383241296
13727.857050906121
14002.414191924243
14282.462475762728
14568.111725277982
14859.473959783541
15156.663438979213
15459.796707758796
15768.992641913972
16084.372494752251
16406.059944647295
16734.18114354024
17068.864766411047
17410.242061739267
17758.446902974054
18113.615841033534
18475.888157854206
18845.40592101129
19222.314039431516
19606.760320220146
19998.89552662455
20398.873437157043
20806.850905900184
21222.987924018187
21647.44768249855
22080.39663614852
22522.004568871493
22972.444660248922
23431.8935534539
23900.53142452298
24378.542053013436
24866.112894073704
