0.031
0.032
0.046
0.023
0.011
0.010
0.003
0.002
0.002
0.003
0.001
0.000
0.000
0.001
0.003
0.004
0.004
0.004
0.004
0.006
0.010
0.011
0.012
0.015
0.017
0.019
0.010
0.017
0.026
0.032
0.018
0.033
0.031
0.023
0.028
0.031
0.035
0.039
0.048
0.043
0.053
0.066
0.067
0.045
0.040
0.067
0.078
0.060
0.050
0.051
0.069
0.099
0.112
0.143
0.110
0.085
0.096
0.075
0.060
0.057
0.065
0.081
0.076
0.056
0.034
0.030
0.040
0.055
0.050
0.051
0.047
0.045
0.058
0.037
0.017
0.010
0.012
0.030
0.047
0.046
0.016
0.001
0.001
0.000
0.001
0.001
0.001
0.002
0.005
0.014