10310.0
10639.92
11129.35632
11385.331515360002
11510.570162028962
11625.675863649252
11660.5528912402
11683.873997022682
11707.241745016727
11742.363470251777
11754.10583372203
11754.10583372203
11754.10583372203
11765.859939555752
11801.15751937442
11848.362149451918
11895.755598049725
11943.338620441924
11991.111974923691
12063.058646773234
12183.689233240966
12317.709814806616
12465.522332584296
12652.505167573061
12867.597755421803
13112.082112774817
13243.202933902565
13468.337383778908
13818.514155757159
14260.706608741388
14517.399327698733
14996.473505512791
15461.364184183687
15816.975560419913
16259.85087611167
16763.906253271132
17350.64297213562
18027.31804804891
18892.629314355258
19705.012374872535
20749.37803074078
22118.836980769673
23600.79905848124
24662.835016112895
25649.34841675741
27367.854760680155
