14400.0
13248.0
9936.0
5564.16
5063.3856
7595.078399999999
7519.127616
11053.11759552
14590.1152260864
9483.574896956161
12233.811617073447
12111.473500902712
10779.211415803413
9377.91393174897
11159.717578781274
13949.646973476592
16600.079898437143
22576.108661874514
20770.019968924553
21808.52096737078
23117.032225413026
27278.09802598737
35734.30841404345
44310.54243341388
52286.44007142838
51763.57567071409
79198.27077619256
105333.7001323361
112707.05914159963
101436.35322743967
146068.34864751314
163596.5504852147
163596.5504852147
207767.6191162227
189068.53339576264
232554.29607678804
269762.98344907415
302134.54146296304
271921.08731666673
337182.14827266673
374272.1845826601
344330.4098160473
358103.6262086892
408238.13387790567
485803.37931470777
417790.90621064865
